3054.6	496.83	3050.6	460.38	3087	456.33	3091.1	492.78
2986.6	1574.8	2975.3	1609.7	3010.2	1621	3021.5	1586.1
2925.6	2036.8	2959	2021.7	2974.2	2055	2940.8	2070.2
2918.6	1859.8	2949.6	1840.3	2969.2	1871.3	2938.1	1890.9
2910.6	317.83	2902.9	281.98	2938.7	274.23	2946.5	310.08
2888.6	1303.8	2885.4	1340.4	2921.9	1343.6	2925.1	1307.1
2857.6	92.828	2845.1	58.361	2879.5	45.828	2892.1	80.295
2851.6	2032.8	2836.4	2066.2	2869.8	2081.4	2885	2048
2787.6	1035.8	2805.2	1068	2837.4	1050.4	2819.8	1018.2
2769.6	466.83	2803.7	480.45	2817.3	446.4	2783.2	432.78
2775.6	689.83	2767.4	654.08	2803.2	645.9	2811.4	681.66
2703.6	1161.8	2717.9	1128.1	2751.7	1142.4	2737.4	1176.2
2625.6	94.828	2661.6	101.83	2668.6	65.828	2632.6	58.827
2540.6	1581.8	2532.4	1617.6	2568.2	1625.8	2576.4	1590
2526.6	1784.8	2560.2	1770.1	2574.9	1803.7	2541.3	1818.4
2534.6	476.83	2522.7	442.14	2557.4	430.24	2569.3	464.93
2491.6	893.83	2487.6	857.38	2524	853.33	2528.1	889.78
2470.6	1386.8	2465.6	1423.2	2501.9	1428.2	2506.9	1391.9
2461.6	2112.8	2497.3	2104.4	2505.7	2140.1	2470	2148.5
2377.6	1082.8	2384.8	1046.9	2420.8	1054.1	2413.6	1090
2290.6	1609.8	2281.5	1645.3	2317	1654.5	2326.1	1619
2269.6	713.83	2299.2	735.52	2320.9	705.94	2291.3	684.25
2267.6	2002.8	2302.9	1992.8	2312.9	2028	2277.7	2038.1
2246.6	589.83	2235.6	554.84	2270.6	543.84	2281.6	578.83
2249.6	1854.8	2224.2	1881.3	2250.6	1906.7	2276	1880.2
2225.6	252.83	2260.9	262.9	2270.9	227.64	2235.7	217.56
2202.6	1346.8	2193.5	1382.3	2229	1391.5	2238.1	1356
2209.6	51.828	2182.7	26.911	2207.6	0	2234.5	24.918
2111.6	1686.8	2092	1717.8	2123	1737.4	2142.6	1706.5
2089.6	1048.8	2092.7	1012.3	2129.3	1015.4	2126.1	1052
2039.6	406.83	2019.1	376.4	2049.6	355.93	2070	386.35
2002.6	840.83	2028.6	866.75	2054.5	840.8	2028.5	814.88
1977.6	1623.8	1953.2	1651.2	1980.6	1675.6	2005	1648.2
1951.6	2006.8	1984.2	2023.6	1967.4	2056.2	1934.8	2039.4
1922.6	1418.8	1896.2	1444.2	1921.6	1470.7	1948	1445.3
1896.6	722.83	1932.6	715.64	1925.4	679.67	1889.4	686.87
1892.6	1280.8	1862.1	1301.2	1882.4	1331.7	1913	1311.3
1870.6	1793.8	1834	1795.8	1836	1832.4	1872.6	1830.5
1820.6	1015.8	1786.7	1001.9	1800.7	967.95	1834.6	981.92
1796.6	237.83	1823.5	212.91	1798.6	186	1771.7	210.92
1794.6	1605.8	1759.9	1617.8	1771.8	1652.4	1806.5	1640.5
1779.6	2031.8	1742.9	2031.8	1742.9	2068.5	1779.6	2068.5
1708.6	640.83	1673.2	631.44	1682.5	595.99	1718	605.37
1695.6	476.83	1715.2	445.84	1684.2	426.22	1664.6	457.21
1620.6	115.83	1654	100.58	1638.7	67.225	1605.4	82.473
1602.6	1365.8	1617.4	1399.4	1583.9	1414.2	1569.1	1380.6
1588.6	1163.8	1583.8	1200.2	1547.5	1195.4	1552.2	1159
1553.6	1759.8	1583.5	1781.1	1562.1	1811	1532.3	1789.7
1506.6	728.83	1471.7	740.12	1460.4	705.22	1495.3	693.93
1492.6	972.83	1480.1	938.36	1445.6	950.89	1458.1	985.36
1483.6	470.83	1447.5	464.63	1453.7	428.48	1489.8	434.68
1459.6	2022.8	1424.9	2010.9	1413	2045.6	1447.7	2057.5
1349.6	1711.8	1355.5	1748	1319.3	1753.9	1313.4	1717.7
1332.6	1503.8	1296.1	1500.9	1293.1	1537.4	1329.6	1540.4
1329.6	317.83	1293.7	325.44	1286.1	289.56	1322	281.95
1288.6	772.83	1256	789.62	1239.2	757.02	1271.8	740.22
1283.6	2045.8	1247.5	2039.5	1241.1	2075.6	1277.2	2081.9
1156.6	447.83	1175.5	416.38	1144	397.51	1125.2	428.96
1168.6	1334.8	1173.8	1371.1	1137.5	1376.3	1132.3	1340
1118.6	1027.8	1116.5	991.22	1079.8	993.37	1082	1030
1086.6	1883.8	1110.1	1912	1081.9	1935.5	1058.4	1907.3
1042.6	69.828	1048.8	33.68	1012.7	27.484	1006.5	63.632
1023.6	1646.8	999.24	1619.4	971.83	1643.8	996.2	1671.2
1020.6	587.83	995.21	614.29	968.75	588.89	994.15	562.43
991.61	713.83	996.65	677.5	960.33	672.46	955.28	708.78
964.61	925.83	937.2	950.19	912.83	922.78	940.24	898.42
847.61	1301.8	836.32	1266.9	801.42	1278.2	812.71	1313.1
777.61	1976.8	775.51	2013.4	738.9	2011.4	740.99	1974.7
744.61	243.83	709.42	254.18	699.07	218.99	734.26	208.64
711.61	1450.8	688.56	1422.3	660.03	1445.3	683.08	1473.9
707.61	1752.8	673.14	1740.3	660.61	1774.8	695.07	1787.3
693.61	148.83	705.81	114.24	671.23	102.04	659.02	136.62
651.61	1941.8	667.58	1974.8	634.57	1990.8	618.59	1957.8
663.61	661.83	651.4	696.41	616.82	684.21	629.02	649.62
653.61	989.83	638.51	956.4	605.09	971.5	620.18	1004.9
617.61	361.83	587.61	382.93	566.51	352.94	596.5	331.84
590.61	576.83	590.61	540.15	553.93	540.15	553.93	576.83
584.61	2077.8	557.62	2053	532.79	2080	559.78	2104.8
548.61	1611.8	522.17	1586.4	496.75	1612.8	523.19	1638.3
480.61	1419.8	476.19	1456.2	439.79	1451.8	444.2	1415.4
428.61	102.83	439.9	67.934	405	56.644	393.71	91.539
398.61	1896.8	363.92	1884.9	352	1919.6	386.68	1931.5
358.61	542.83	349.71	507.25	314.13	516.14	323.03	551.72
276.61	186.83	284.78	151.08	249.03	142.9	240.85	178.66
242.61	1654.8	229.16	1689	195.04	1675.5	208.48	1641.4
239.61	1382.8	219.01	1352.5	188.67	1373.1	209.26	1403.4
229.61	950.83	224.11	914.57	187.85	920.06	193.35	956.32
229.61	396.83	227.39	360.22	190.78	362.44	193	399.05
188.61	1152.8	185.29	1189.4	148.76	1186	152.08	1149.5
142.61	1776.8	119.95	1748	91.11	1770.6	113.77	1799.5
129.61	2115.8	108.29	2086	78.446	2107.3	99.763	2137.1
66.607	268.83	75.502	233.25	39.922	224.35	31.027	259.93
68.607	653.83	59.443	618.32	23.931	627.48	33.095	662.99
50.607	1245.8	30.984	1214.8	0	1234.5	19.623	1265.5
