40.734	1736.3	49.089	1777	8.3556	1785.4	0	1744.6
73.734	2117.3	65.167	2158	24.478	2149.4	33.044	2108.7
90.734	1050.3	81.606	1009.7	41.038	1018.9	50.166	1059.4
91.734	1532.3	93.759	1573.8	52.227	1575.8	50.201	1534.3
124.73	328.29	106.98	365.89	69.378	348.13	87.133	310.53
128.73	676.29	117.88	716.43	77.743	705.58	88.592	665.44
148.73	168.29	110.62	184.91	94	146.79	132.12	130.17
164.73	1885.3	158.25	1926.4	117.18	1919.9	123.66	1878.8
188.73	1313.3	166.14	1348.2	131.23	1325.6	153.82	1290.7
206.73	969.29	184.6	1004.5	149.4	982.37	171.53	947.16
224.73	1788.3	193.72	1760.6	166.02	1791.6	197.04	1819.3
240.73	1365.3	219.34	1329.6	183.68	1351	205.08	1386.7
276.73	876.29	273.37	834.84	231.93	838.2	235.29	879.65
330.73	242.29	291.64	256.46	277.47	217.36	316.57	203.2
336.73	516.29	330.41	475.19	289.31	481.51	295.64	522.61
350.73	2001.3	344.41	2042.4	303.31	2036.1	309.64	1995
364.73	1550.3	354.15	1590.5	313.94	1579.9	324.52	1539.7
377.73	2116.3	395.92	2153.7	358.53	2171.9	340.34	2134.5
437.73	280.29	408.33	309.69	378.93	280.29	408.33	250.89
457.73	1075.3	451.25	1116.4	410.18	1109.9	416.66	1068.8
458.73	1436.3	460.86	1477.8	419.34	1479.9	417.21	1438.4
471.73	1229.3	460.88	1189.1	420.74	1200	431.59	1240.1
477.73	1846.3	489.3	1886.2	449.35	1897.8	437.79	1857.9
508.73	272.29	471.34	290.48	453.15	253.09	490.54	234.9
522.73	1303.3	517.45	1344.5	476.2	1339.2	481.49	1298
592.73	2057.3	555.74	2038.3	536.75	2075.3	573.74	2094.3
590.73	928.29	586.38	886.94	545.03	891.29	549.38	932.64
612.73	1656.3	615.84	1697.8	574.38	1700.9	571.27	1659.4
631.73	1055.3	619.5	1095	579.76	1082.8	591.99	1043.1
650.73	1462.3	658.08	1503.2	617.15	1510.6	609.81	1469.6
673.73	532.29	670.54	490.83	629.09	494.02	632.27	535.48
705.73	780.29	697.17	739.6	656.48	748.17	665.04	788.86
732.73	176.29	705.58	207.78	674.09	180.63	701.24	149.14
741.73	1516.3	716.96	1482.9	683.56	1507.7	708.34	1541.1
746.73	275.29	713.2	299.88	688.61	266.35	722.14	241.76
803.73	1228.3	790.91	1188.7	751.35	1201.6	764.18	1241.1
823.73	689.29	795.98	720.25	765.02	692.49	792.77	661.53
825.73	2047.3	785.57	2036.5	774.8	2076.7	814.96	2087.5
820.73	350.29	842.58	314.91	807.21	293.06	785.36	328.44
831.73	1770.3	831.73	1811.9	790.15	1811.9	790.15	1770.3
844.73	1002.3	821.8	967.6	787.11	990.54	810.05	1025.2
832.73	267.29	855.06	232.21	819.98	209.88	797.65	244.97
879.73	1654.3	847.26	1628.3	821.29	1660.8	853.76	1686.8
954.73	1156.3	936.14	1119.1	898.95	1137.7	917.54	1174.9
938.73	1954.3	959.36	1990.4	923.26	2011	902.63	1974.9
950.73	515.29	951.8	473.72	910.23	472.66	909.17	514.22
958.73	745.29	957.69	703.72	916.13	704.76	917.16	746.33
976.73	1280.3	964.5	1320	924.76	1307.8	936.99	1268.1
991.73	822.29	969.14	857.2	934.23	834.61	956.82	799.7
1009.7	223.29	968.81	230.64	961.46	189.71	1002.4	182.36
1037.7	627.29	1008.9	657.24	978.94	628.4	1007.8	598.45
1038.7	1525.3	1000.1	1509.8	984.66	1548.4	1023.3	1563.9
1070.7	1085.3	1041.3	1114.7	1011.9	1085.3	1041.3	1055.9
1122.7	2035.3	1083.1	2022.8	1070.6	2062.4	1110.2	2074.9
1140.7	151.29	1100.6	162.32	1089.6	122.22	1129.7	111.2
1142.7	1826.3	1101.9	1818.7	1094.2	1859.6	1135.1	1867.2
1163.7	569.29	1161.7	527.76	1120.2	529.78	1122.2	571.32
1193.7	853.29	1174.7	890.27	1137.7	871.25	1156.8	834.27
1204.7	335.29	1166.1	350.56	1150.8	311.88	1189.5	296.61
1259.7	1096.3	1231.4	1065.9	1201	1094.3	1229.3	1124.7
1274.7	1514.3	1271.5	1555.7	1230.1	1552.6	1233.3	1511.1
1291.7	664.29	1256.1	685.68	1234.7	650.03	1270.3	628.63
1285.7	526.29	1290	484.93	1248.6	480.68	1244.4	522.05
1301.7	1760.3	1265	1740.9	1245.6	1777.7	1282.3	1797.1
1300.7	1311.3	1310.6	1351.7	1270.2	1361.5	1260.3	1321.1
1295.7	2007.3	1324.1	2037.7	1293.6	2066.1	1265.3	2035.6
1347.7	156.29	1307.3	165.92	1297.7	125.47	1338.1	115.84
1375.7	1660.3	1339.6	1639.7	1319	1675.8	1355.1	1696.4
1396.7	949.29	1399.9	907.83	1358.5	904.64	1355.3	946.1
1438.7	1234.3	1407	1207.4	1380.1	1239.1	1411.8	1266
1434.7	1803.3	1469.2	1826.6	1445.9	1861	1411.4	1837.7
1476.7	709.29	1438.6	725.79	1422.1	687.63	1460.2	671.12
1505.7	1041.3	1502.7	1082.8	1461.2	1079.7	1464.3	1038.3
1487.7	157.29	1521.8	133.51	1498.1	99.4	1464	123.18
1535.7	503.29	1498.3	521.48	1480.2	484.09	1517.5	465.9
1531.7	444.29	1491.7	455.58	1480.4	415.56	1520.4	404.27
1548.7	917.29	1530.1	954.48	1492.9	935.89	1511.5	898.69
1539.7	1477.3	1541.8	1518.8	1500.3	1520.9	1498.2	1479.4
1556.7	1333.3	1550.6	1374.4	1509.4	1368.2	1515.6	1327.1
1541.7	2001.3	1570.6	2031.2	1540.7	2060.1	1511.8	2030.2
1550.7	47.29	1509.6	41.122	1515.8	0	1556.9	6.1682
1614.7	1840.3	1573.9	1832.5	1566.1	1873.4	1607	1881.1
1628.7	207.29	1587.9	215.25	1580	174.44	1620.8	166.48
1630.7	95.29	1664.1	70.514	1639.4	37.119	1606	61.896
1643.7	1492.3	1667	1526.7	1632.6	1550	1609.3	1515.6
1659.7	442.29	1619.6	453.32	1608.6	413.22	1648.7	402.2
1670.7	1085.3	1657.3	1045.9	1618	1059.3	1631.4	1098.7
1668.7	949.29	1676.3	908.4	1635.4	900.86	1627.8	941.76
1677.7	1234.3	1689.3	1274.2	1649.4	1285.8	1637.8	1245.9
1732.7	341.29	1691.2	342.33	1690.1	300.76	1731.7	299.72
1753.7	1878.3	1714.5	1892	1728.2	1931.3	1767.5	1917.5
1762.7	1631.3	1722.2	1640.4	1731.3	1681	1771.9	1671.9
1762.7	756.29	1783.2	720.11	1747	699.62	1726.6	735.8
1781.7	919.29	1746.5	941.42	1724.4	906.21	1759.6	884.09
1775.7	116.29	1813.7	99.226	1796.6	61.307	1758.7	78.371
1796.7	1291.3	1827.6	1319.2	1799.7	1350	1768.9	1322.1
1801.7	2113.3	1839.5	2130.8	1822	2168.5	1784.3	2151
1842.7	551.29	1871.6	521.34	1841.6	492.49	1812.8	522.45
1834.7	90.29	1873.8	75.915	1859.4	36.897	1820.4	51.272
1868.7	1807.3	1905.7	1826.3	1886.7	1863.3	1849.7	1844.3
1901.7	1453.3	1931.6	1482.2	1902.7	1512.1	1872.8	1483.2
1913.7	795.29	1875.4	779.15	1891.5	740.83	1929.9	756.97
1934.7	1083.3	1897.7	1102.3	1916.7	1139.3	1953.7	1120.3
1944.7	357.29	1914.3	328.96	1942.6	298.52	1973.1	326.86
1969.7	172.29	2002.4	146.61	1976.8	113.91	1944.1	139.59
1993.7	473.29	2035	478.58	2040.3	437.33	1999	432.05
1993.7	754.29	2033.8	765.32	2044.9	725.22	2004.8	714.2
2012.7	1143.3	2052.5	1131	2064.8	1170.7	2025	1183
2031.7	1976.3	2073.3	1974.2	2075.3	2015.7	2033.8	2017.8
2067.7	1662.3	2035	1687.9	2060.6	1720.7	2093.3	1695.1
2073.7	881.29	2059.1	842.36	2098.1	827.76	2112.7	866.69
2104.7	1366.3	2091.6	1405.7	2131	1418.9	2144.2	1379.4
2094.7	921.29	2125.2	949.58	2153.5	919.11	2123	890.82
2133.7	80.29	2097	60.881	2116.4	24.107	2153.1	43.516
2139.7	604.29	2101.4	588.15	2117.5	549.83	2155.9	565.97
2142.7	292.29	2116.2	260.26	2148.3	233.74	2174.8	265.78
2198.7	525.29	2164.3	501.99	2187.6	467.55	2222	490.85
2209.7	1709.3	2188.3	1744.9	2224	1766.3	2245.4	1730.7
2238.7	1435.3	2208.9	1464.2	2237.8	1494.1	2267.7	1465.2
2233.7	807.29	2216.8	769.33	2254.7	752.35	2271.7	790.31
2256.7	990.29	2269.6	950.74	2309.1	963.6	2296.3	1003.1
2268.7	1865.3	2310.3	1863.3	2312.3	1904.8	2270.8	1906.8
2277.7	394.29	2317.8	405.32	2328.9	365.22	2288.8	354.2
2290.7	1524.3	2281.1	1564.7	2321.6	1574.4	2331.2	1533.9
2327.7	1232.3	2352.8	1199.1	2386	1224.3	2360.9	1257.4
2358.7	580.29	2331.7	548.72	2363.2	521.66	2390.3	553.23
2421.7	71.29	2404	33.69	2441.6	15.934	2459.3	53.534
2408.7	347.29	2446.6	364.4	2463.7	326.51	2425.8	309.39
2422.7	930.29	2435.5	890.73	2475.1	903.53	2462.3	943.1
2445.7	722.29	2429.2	684.12	2467.4	667.62	2483.9	705.79
2467.7	2053.3	2437.1	2081.4	2465.2	2112	2495.8	2083.9
2456.7	1517.3	2490	1492.3	2514.9	1525.6	2481.7	1550.6
2462.7	1341.3	2461.7	1382.9	2503.3	1383.9	2504.3	1342.3
2544.7	312.29	2531.6	272.84	2571	259.69	2584.2	299.14
2536.7	784.29	2566.7	813.11	2595.5	783.14	2565.6	754.32
2540.7	1056.3	2561.4	1092.4	2597.5	1071.8	2576.8	1035.7
2563.7	597.29	2543.4	560.99	2579.7	540.71	2600	577.01
2562.7	1879.3	2602.3	1866.4	2615.1	1906	2575.6	1918.8
2586.7	451.29	2582.7	409.9	2624.1	405.87	2628.1	447.25
2610.7	87.29	2599.1	47.382	2639	35.702	2650.6	75.61
2610.7	1514.3	2611.8	1555.9	2653.4	1554.8	2652.3	1513.2
2669.7	1284.3	2662.4	1325.2	2703.3	1332.6	2710.7	1291.6
2674.7	593.29	2669.7	552.01	2711	546.98	2716	588.26
2670.7	859.29	2700.1	888.69	2729.5	859.29	2700.1	829.89
2705.7	711.29	2709.8	669.9	2751.2	673.94	2747.1	715.33
2729.7	1694.3	2715.4	1733.3	2754.4	1747.7	2768.8	1708.7
2756.7	264.29	2736.4	227.99	2772.7	207.71	2793	244.01
2779.7	2046.3	2758.3	2081.9	2794	2103.3	2815.4	2067.7
2762.7	996.29	2784.1	960.63	2819.8	982.03	2798.4	1017.7
2764.7	577.29	2805.3	586.21	2814.3	545.59	2773.6	536.68
2788.7	827.29	2823.9	849.42	2846.1	814.21	2810.9	792.09
2798.7	1530.3	2806.7	1571.1	2847.5	1563.1	2839.5	1522.3
2798.7	114.29	2839.5	122.65	2847.8	81.912	2807.1	73.556
2819.7	1809.3	2823.9	1850.7	2865.2	1846.5	2861.1	1805.2
2820.7	1097.3	2837.6	1135.3	2875.6	1118.4	2858.7	1080.4
2866.7	1354.3	2882.4	1392.8	2920.9	1377.2	2905.3	1338.7
2914.7	1977.3	2954.5	1965.1	2966.7	2004.8	2927	2017
2954.7	1715.3	2993.1	1699.4	3009.1	1737.8	2970.7	1753.7
2964.7	1541.3	2954.4	1581.6	2994.7	1591.9	3005	1551.6
2971.7	1117.3	2999	1085.9	3030.4	1113.2	3003.1	1144.6
2977.7	883.29	2987.1	923.81	3027.6	914.46	3018.3	873.94
2996.7	264.29	2986.4	224.01	3026.7	213.68	3037	253.96
2996.7	421.29	3001.9	380.03	3043.2	385.19	3038	426.45
3005.7	713.29	3038.1	739.39	3064.2	707.03	3031.8	680.92
3118.7	1432.3	3139.8	1396.4	3175.7	1417.5	3154.6	1453.4
3132.7	1050.3	3133.8	1091.9	3175.3	1090.8	3174.3	1049.3
3157.7	1817.3	3194.9	1798.7	3213.5	1835.9	3176.3	1854.5
3182.7	2056.3	3216.6	2032.2	3240.7	2066.1	3206.8	2090.2
3184.7	1673.3	3203.3	1636.1	3240.5	1654.7	3221.9	1691.9
3196.7	224.29	3232.8	244.92	3253.5	208.82	3217.4	188.19
3205.7	614.29	3221	652.97	3259.7	637.7	3244.4	599.02
3213.7	929.29	3225.7	889.46	3265.5	901.41	3253.6	941.24
3231.7	1197.3	3231.7	1238.9	3273.3	1238.9	3273.3	1197.3
3241.7	306.29	3272.6	334.11	3300.5	303.2	3269.6	275.38
3253.7	518.29	3245.6	477.52	3286.4	469.36	3294.5	510.14
3300.7	690.29	3319.8	727.27	3356.7	708.25	3337.7	671.27
3331.7	1422.3	3347.5	1460.8	3386	1445	3370.2	1406.5
3345.7	276.29	3385.1	289.71	3398.5	250.35	3359.1	236.93
3349.7	1770.3	3388.3	1754.6	3403.9	1793.2	3365.4	1808.8
3364.7	966.29	3385	1002.6	3421.3	982.3	3401	946.01
3407.7	1208.3	3406.7	1249.9	3448.2	1250.9	3449.3	1209.4
3437.7	1844.3	3444.7	1885.3	3485.7	1878.3	3478.7	1837.3
3441.7	1076.3	3460.7	1113.3	3497.7	1094.3	3478.7	1057.3
3448.7	517.29	3482.8	541.14	3506.6	507.07	3472.6	483.22
3462.7	2056.3	3474.4	2096.2	3514.3	2084.5	3502.6	2044.6
3469.7	1583.3	3476.1	1624.4	3517.2	1618.1	3510.8	1577
3470.7	833.29	3481.8	873.38	3521.9	862.36	3510.8	822.26
3504.7	1364.3	3527.8	1398.9	3562.4	1375.8	3539.3	1341.2
3527.7	365.29	3561.4	389.75	3585.8	356.12	3552.2	331.66
3552.7	1932.3	3590.3	1914.5	3608.1	1952.1	3570.5	1969.9
3609.7	844.29	3606.5	802.83	3648	799.64	3651.2	841.1
3642.7	1381.3	3659.6	1343.3	3697.6	1360.2	3680.7	1398.2
3648.7	1703.3	3645.5	1744.7	3686.9	1748	3690.2	1706.6
3652.7	80.29	3646.4	39.192	3687.5	32.869	3693.8	73.967
94.734	549.29	76.138	586.48	38.946	567.89	57.542	530.69
138.73	595.29	126.58	555.52	86.816	567.67	98.967	607.44
475.73	759.29	457.89	721.73	420.33	739.57	438.17	777.13
484.73	708.29	471.58	668.84	432.14	681.99	445.29	721.44
2803.7	371.29	2789.4	332.27	2828.4	317.9	2842.8	356.91
2809.7	416.29	2795	377.4	2833.9	362.68	2848.6	401.57
